KinExp_ID,Cruise,exp,Compound,mm_flux_nM_day,mm_flux_sd_nM_day,Mean.Diss.Conc.nM,SD.Diss.Conc.nM,C,flux_nM_C_day,flux_sd_C,Flux_Perc_of_Diss,Flux_Perc_of_Diss_Error,mean.part.conc.nM,sd.part.conc.nM,Flux_Perc_of_Part,Flux_Perc_of_Part_Error,pp.uM.C.perday,flux_Perc_of_PP,flux_Perc_of_PP_Error
KM1906_UKG1,KM1906,UKG1,GBT,0.5274051520415504,0.1128520226904466,6.630064484443375,0.4648804613486325,5,2.637025760207752,0.564260113452233,7.9547514700504225,1.7911816384149193,0.46059760893884527,0.04460653697654161,114.50453537017282,26.893858551947293,675.0630600000001,0.39063398909840386,0.08358628206559443
KM1906_UKG2,KM1906,UKG2,GBT,2.9335161145652893,0.9670460169206948,8.98184791416481,2.075067927773951,5,14.667580572826447,4.835230084603474,32.660496398953626,13.14747643852572,0.5513854703481853,0.16814551432932065,532.0263721698818,238.91893318739073,724.280929,2.0251231235755,0.667590418441554
RC078_UKG1,RC078,UKG1,GBT,15.579212423160609,3.484210136582366,55.98668335355126,9.190571956899433,5,77.89606211580305,17.42105068291183,27.826639282736533,7.719790127146822,8.902973221982252,1.5898872440065828,174.98887208482344,50.08094453940625,16691.209498229677,0.46668914031703307,0.10437260813699308
RC078_UKH1,RC078,UKH1,Homarine,0.35177329920043005,0.1122692439437834,13.394020063413016,2.3638953145655623,7,2.4624130944030105,0.7858847076064839,2.6263459180663076,0.9578297721585621,1.133121883872534,0.13452720458180364,31.044612605858145,10.571282186133429,16691.209498229677,0.01475275410487288,0.004708374834608824
RC078_UKH2,RC078,UKH2,Homarine,0.2624077501724931,0.08780203528164568,12.361363970511508,0.374719644005147,7,1.836854251207452,0.6146142469715198,2.1228057906754993,0.7132030725020904,2.414706888883376,0.2314454804711998,10.867064295900418,3.782379671824013,16691.209498229677,0.011004919993378997,0.0036822630920587732
RC104_UKG1,RC104,UKG1,GBT,1.0837474413534145,0.3183275464838405,10.49989606849078,1.0002203487606312,5,5.418737206767073,1.5916377324192024,10.321506368102447,3.1871722579142086,0.7751267172839882,0.0949513606153766,139.81551882907874,44.49609411710359,16691.209498229677,0.03246461682325539,0.009535784285662562
RC104_UKH1,RC104,UKH1,Homarine,0.14810167555266401,0.05274618298060286,4.10233899264348,1.3976235970254405,7,1.036711728868648,0.36922328086422,3.6101764339379896,1.7793117072963498,0.4101057760297335,0.07737921027191175,36.11304307548362,14.555047445355383,16691.209498229677,0.0062111240589161915,0.0022120822394768994
TN397_UKH1,TN397,UKH1,Homarine,0.00277794901226486,0.00126213433491686,0.05927419049017598,0.02504021359053715,7,0.01944564308585402,0.00883494034441802,4.686608099228741,2.907536166025512,0.01352855342802466,0.00277754401531501,20.533969334151315,10.23772833303919,398.2966605022217,0.004882200885474296,0.00221818087384359
TN397_UKH2,TN397,UKH2,Homarine,0.006424900897146,0.0031874777001254,0.185989057834502,0.07213310051456506,7,0.044974306280022,0.0223123439008778,3.4544510155339605,2.1753289130279527,0.0290234968588833,0.01134841672225576,22.136894559552402,13.983359937321053,456.01853110184754,0.009862385673528122,0.004892859035128672
TN397_UKH3,TN397,UKH3,Homarine,0.00666238474443125,0.0036426186943029,0.3867120226799825,0.11371992632312485,7,0.04663669321101875,0.0254983308601203,1.7228284495164514,1.0695496179249186,0.20898716573855344,0.01569694369712382,3.1879396616948275,1.7593569311004948,1633.735330052315,0.0028546051709321466,0.0015607381679934537
TN397_UKH4,TN397,UKH4,Homarine,0.01784488063732132,0.00310802458880554,0.8872457607286982,0.08374415392284056,7,0.12491416446124926,0.02175617212163878,2.0112669372086103,0.39843229336814545,0.29304780949805515,0.03473980135121807,6.089409324671902,1.2829463814267366,1868.5119595246956,0.006685221564919734,0.0011643581948050802
TN397_UKH5,TN397,UKH5,Homarine,0.01851591461755102,0.0053386362810603,0.2996794442321827,0.03635968978384228,7,0.12961140232285712,0.0373704539674221,6.178573463719267,1.9327485689730266,0.25819844967688943,0.02077344364153229,7.171195117833554,2.1466378569521343,1319.6629478245468,0.009821553491103195,0.002831818081202247
TN412_UKG,TN412,UKG,GBT,0.4271469832682139,0.1889962319686436,0.47182269919617914,0.1499356858849096,5,2.1357349163410695,0.944981159843218,90.53124913149006,49.3172180162491,0.31934116145038266,0.04864660841135635,133.75882436457582,62.59258415615112,1110.9512320243734,0.192243804658224,0.08506054384775061
